4294967278,174
4294967278,88
4294967278,0
4294967278,424
4294967279,293
4294967279,277
4294967278,269
4294967279,264
4294967278,268
4294967294,471
4294967278,337
4294967278,85
4294967278,299
4294967279,536
4294967278,409
4294967279,257
4294967278,82
4294967278,316
4294967279,255
4294967278,72
4294967279,71
4294967279,329
4294967278,403
4294967279,542
4294967279,0
4294967278,325
4294967278,124
4294967278,123
4294967278,122
4294967278,120
4294967278,115
4294967278,110
4294967278,68
4294967279,69
4294967279,61
4294967279,48
4294967279,43
4294967279,35
4294967279,32
4294967279,30
4294967279,25
4294967279,19
4294967279,9
4294967279,8
4294967279,6
4294967278,129
4294967278,419
4294967278,429
2,4
4294967294,7
4294967294,6
4294967278,319
4294967294,437
4294967294,43
4294967294,417
4294967294,51
4294967294,470
4294967294,92
4294967294,88
4294967294,81
4294967294,1101
4294967294,1098
4294967294,82
4294967294,1415
4294967294,83
4294967294,11
4294967294,68
4294967293,131
4294967293,130
4294967293,129
4294967293,128
4294967293,127
4294967293,126
4294967293,125
4294967293,124
4294967293,123
4294967293,122
4294967293,121
4294967293,120
4294967293,119
4294967293,118
4294967293,117
4294967293,116
4294967293,115
4294967293,114
4294967293,113
4294967293,112
4294967293,111
4294967293,110
4294967293,109
4294967293,108
4294967293,107
4294967293,106
4294967293,105
4294967293,104
4294967293,103
4294967293,102
4294967293,101
4294967293,100
4294967293,99
4294967293,98
4294967293,97
4294967293,96
4294967293,95
4294967293,94
4294967293,93
4294967293,92
4294967293,91
4294967293,90
4294967293,89
4294967293,87
4294967293,86
4294967293,85
4294967293,84
4294967293,83
4294967293,82
4294967293,81
4294967293,80
4294967293,79
4294967293,78
4294967293,77
4294967293,76
4294967293,75
4294967293,74
4294967293,73
4294967293,72
4294967293,71
4294967293,70
4294967293,69
4294967293,68
4294967293,67
4294967293,66
4294967293,65
4294967293,64
4294967293,63
4294967293,62
4294967293,61
4294967293,60
4294967293,59
4294967293,58
4294967293,57
4294967293,56
4294967293,55
4294967293,54
4294967293,53
4294967293,52
4294967293,51
4294967293,50
4294967293,49
4294967293,48
4294967293,47
4294967293,46
4294967293,45
4294967293,44
4294967293,43
4294967293,42
4294967293,41
4294967293,40
4294967293,39
4294967293,38
4294967293,37
4294967293,36
4294967293,35
4294967293,34
4294967293,33
4294967293,32
4294967293,31
4294967293,30
4294967293,29
4294967293,28
4294967293,27
4294967293,26
4294967293,25
4294967293,24
4294967293,23
4294967293,22
4294967293,21
4294967293,20
4294967293,19
4294967293,18
4294967293,17
4294967293,16
4294967293,15
4294967293,14
4294967293,13
4294967293,12
4294967293,11
4294967293,10
4294967293,9
4294967293,8
4294967293,7
4294967293,6
4294967293,5
4294967293,4
4294967293,3
4294967278,435
4294967278,388
4294967278,105
4294967278,355
4294967278,103
4294967278,102
4294967278,293
4294967278,101
4294967278,96
4294967278,390
4294967278,94
4294967278,399
4294967278,93
4294967278,396
4294967278,87
4294967278,367
4294967278,86
4294967278,283
4294967278,84
4294967278,408
4294967278,73
4294967278,425
4294967278,71
4294967278,70
4294967278,64
4294967278,63
4294967278,439
4294967278,433
4294967278,432
4294967278,436
4294967278,2
4294967278,385
4294967279,113
4294967279,112
4294967279,111
4294967279,110
4294967279,109
4294967279,534
4294967279,298
4294967279,98
4294967279,521
4294967279,96
4294967279,341
4294967279,94
4294967279,246
4294967279,93
4294967279,306
4294967279,92
4294967279,340
4294967279,91
4294967279,87
4294967279,514
4294967279,85
4294967279,84
4294967279,156
4294967279,72
4294967279,67
4294967279,530
4294967279,383
4294967279,535
4294967279,245
4294967279,243
4294967279,227
0,5
4294967279,219
4294967279,215
4294967279,213
4294967279,212
4294967279,211
4294967279,203
4294967279,202
4294967279,197
4294967278,196
4294967278,195
4294967278,194
4294967279,194
4294967278,193
4294967279,193
4294967278,192
4294967278,78
4294967278,398
4294967278,190
4294967279,189
4294967278,188
4294967279,188
4294967278,187
4294967278,186
4294967279,186
4294967278,184
4294967278,183
4294967278,181
4294967278,180
4294967278,66
4294967278,255
4294967294,399
4294967294,1416
4294967294,175
4294967294,450
4294967294,116
4294967279,541
4294967278,65
4294967278,304
4294967279,281
4294967278,177
1033,7
4294967278,62
4294967278,235
4294967278,61
4294967279,539
4294967279,555
1033,6
4294967278,167
1033,5
1033,4
1033,3
1033,2
1033,1
4294967278,229
4294967294,392
4294967278,157
4294967278,153
4294967294,2
4294967278,438
4294967279,371
4294967279,538
4294967279,260
4294967278,371
4294967294,1175
1030,6
1030,5
1030,4
0,7
1030,3
1030,2
1030,1
4294967279,359
4294967294,5
4294967294,50
4294967294,182
4294967294,1
4294967294,1004
4294967294,998
4294967278,397
4294967278,437
4294967279,336
4294967294,46
4294967278,442
4294967279,370
4294967294,94
4294967294,96
4294967278,288
4294967294,93
4294967294,95
4294967294,17
4294967294,76
4294967294,41
4294967294,67
4294967294,0
4294967278,329
4294967294,28
4294967294,27
4294967278,270
4294967294,25
4294967294,90
4294967294,87
4294967294,84
4294967294,1174
4294967294,1017
4294967294,419
4294967294,1173
4294967294,1016
4294967294,1018
4294967294,26
4294967279,291
4294967294,22
4294967278,267
4294967294,52
4294967294,427
1027,5
4294967278,262
1027,4
4294967294,8
1027,3
1027,2
